%YAML:1.0
intrinsic: !!opencv-matrix
   rows: 3
   cols: 3
   dt: d
   data: [ 2.9451587737341570e+03, 0., 1.5477549550211550e+03, 0.,
       2.9410700101856328e+03, 7.9152327098583851e+02, 0., 0., 1. ]
distCoeffs: !!opencv-matrix
   rows: 1
   cols: 5
   dt: d
   data: [ 4.5741265956612509e-01, -4.2288234820345982e+00,
       -2.2003253378251413e-02, -1.2670961068197066e-02,
       1.6700065744127620e+01 ]
error: 1.8813046857413511e+00
